54128
60816
74477
69194
42175
51167
80399
84230
87674
58483
57772
88701
87012
51063
59204
51405
85686
56377
79358
77149
86030
64949
54888
82527
80007
74836
65805
77696
82515
83633
67221
46632
54433
51686
83457
64248
62848
81469
58468
68136
57575
83864
66833
54572
52553
43654
73605
48226
67667
70588
42989
63688
53147
57866
63825
50764
42693
89622
88451
42822
83243
65664
57085
55304
84975
58164
79544
65433
49614
55626
43567
67188
57119
78027
89386
69665
81674
80613
77882
59321
61182
80863
40624
81955
56356
64446
42707
66678
71689
48787
77126
72556
82076
44208
87857
77046
69995
85014
52463
79603
58252
63652
64411
82992
51663
63784
62645
50966
54387
58145
77914
83193
56632
86171
82762
80613
60604
85475
57276
49917
51878
52019
82460
43938
63847
87936
88605
43824
40553
58692
41051
66432
82344
65465
59426
44007
89248
82069
62590
61259
50208
50497
62066
74465
46654
54823
65063
74892
57913
82334
84805
77413
51964
84885
88976
75815
40424
87573
79631
48602
56253
80684
75034
56215
56136
44447
67848
63009
44139
40428
41877
61966
50925
71565
46414
65204
44003
71473
50082
69542
71422
52502
56941
83384
55003
55915
69186
63057
61108
66449
71650
84985
57114
56684
51183
80882
68751
79032
61503
72884
87085
71006
44837
55628
60188
51249
80837
64196
82715
48535
51354
64123
68677
68306
57507
41298
41839
44300
64355
70564
70743
45992
65531
45482
70303
84344
43985
49056
80997
65488
89567
85706
54105
44394
51313
74284
63264
49763
56093
55973
58303
67454
87724
44596
53376
62846
45886
62836
67157
77868
51018
55517
83867
84176
60996
71785
86130
64975
88460
77120
48070
88020
72819
69808
50037
41746
61715
73295
51515
77805
89264
77444
62874
44603
82032
83873
75075
45536
64328
52219
83400
75331
75363
84885
77127
46349
74280
73251
78953
72745
60369
44647
78384
50796
74457
88418
52539
53780
71691
71672
49203
78584
59105
72086
83186
58757
73575
68244
71924
55520
88099
72948
48478
73448
67817
85607
87416
59716
68845
83985
42444
46824
88633
80823
65242
80701
79222
85403
44474
68545
67076
61306
57116
86175
43374
57913
62552
84584
43773
44462
50091
41851
77401
66191
82922
62833
61784
87965
82546
48247
81938
42619
55060
88183
83434
87932
86503
80284
83335
48595
58816
60397
69907
75928
64189